C:\Users\bdode\Documents\msc-thesis\Thesis\dataset>python evalMusite.py         
Acetylation
10000
0.745810679841093, 0.2981073536694635, 0.21144468476363096, 0.2459847844463229, 0.9365997504820234, 0.3423529411764706
0
2918
0.7071588888766192, 0.2452632952047385, 0.14698198970833434, 0.17153284671532848, 0.949697428139183, 0.2611111111111111, 2918
1
241
0.8125137091467427, 0.4776927497503533, 0.3232134650021815, 0.3191489361702128, 0.9381443298969072, 0.5555555555555556, 241
2
996
0.6652616279069768, 0.31184463066693946, 0.1967123074376433, 0.19117647058823528, 0.9523255813953488, 0.3880597014925373, 996
3
163
0.9787685774946921, 0.5946273633773633, 0.5381833337293057, 1.0, 0.9171974522292994, 0.3157894736842105, 163
4
119
0.923076923076923, 0.12581699346405228, 0.39598696740852785, 0.5, 0.9829059829059829, 0.3333333333333333, 119
5
265
0.6173864894795127, 0.03498502615471631, 0.06148164455511839, 0.14285714285714285, 0.9457364341085271, 0.06666666666666667, 265
6
21
0.6842105263157895, 0.554945054945055, 0.4473684210526316, 0.5, 0.9473684210526315, 0.5, 21
11
34
0.6011904761904762, 0.24774182022745242, 0.21216710619787638, 0.16666666666666666, 0.9642857142857143, 0.5, 34
12
586
0.7887481658815353, 0.2283991164002493, 0.21201725325486687, 0.391304347826087, 0.9218472468916519, 0.16981132075471697, 586
13
781
0.6627432828583394, 0.2635785299268264, 0.06285907931439938, 0.13380281690140844, 0.9139280125195618, 0.25675675675675674, 781
16
16
0.4727272727272728, 0.27326839826839827, -0.17407765595569785, 0.0, 0.9090909090909091, 0.0, 16
20
3860
0.7964750286332023, 0.35648433584502937, 0.2660306866530973, 0.30956848030018763, 0.9272617974150886, 0.40540540540540543, 3860
Baseline random
0.5097960205401251, 0.12154360047498786, 0.009518550929455584, 0.009518550929455584, 0.514792899408284, 0.49994329136894633, 0.12136309286568354
Baseline majority class
C:\Users\bdode\Documents\msc-thesis\Thesis\dataset\functions\EvaluationMetrics.py:75: RuntimeWarning: invalid value encountered in longlong_scalars
  precision = tp/(tp+fp)
0.5, 0.55915, 0.0, 0.0, 0.0, 1.0, nan

Hydroxylation-K
95
0.7415730337078651, 0.3927160951807059, 0.3765188882740777, 0.3333333333333333, 0.9775280898876404, 0.5
0
81
C:\Users\bdode\Documents\msc-thesis\Thesis\dataset\functions\EvaluationMetrics.py:73: RuntimeWarning: invalid value encountered in longlong_scalars        
  sensitivity = tp/(tp+fn)
0, 0, 0, 0, 0, 0, 81
2
5
C:\Users\bdode\Documents\msc-thesis\Thesis\dataset\functions\EvaluationMetrics.py:75: RuntimeWarning: invalid value encountered in longlong_scalars        
  precision = tp/(tp+fp)
0.0, 0.5791666666666666, 0.0, 0.0, 1.0, nan, 5
20
9
0.9285714285714286, 0.7916666666666666, 0.7559289460184544, 1.0, 0.8571428571428571, 0.6666666666666666, 9
Baseline random
0.47565543071161054, 0.05789686178309558, 0.04722513744414198, 0.04722513744414198, 0.5, 0.5955056179775281, 0.07692307692307693
Baseline majority class
C:\Users\bdode\Documents\msc-thesis\Thesis\dataset\functions\EvaluationMetrics.py:75: RuntimeWarning: invalid value encountered in longlong_scalars        
  precision = tp/(tp+fp)
0.5, 0.531578947368421, 0.0, 0.0, 0.0, 1.0, nan

Hydroxylation-P
369
0.9329967977228251, 0.8509251397506231, 0.6967591760679462, 0.6753246753246753, 0.9657534246575342, 0.8387096774193549
0
228
0.9537612146307799, 0.8262744699838696, 0.6602076050434151, 0.6190476190476191, 0.9806763285024155, 0.7647058823529411, 228
1
1
0, 0, 0, 0, 0, 0, 1
2
12
C:\Users\bdode\Documents\msc-thesis\Thesis\dataset\functions\EvaluationMetrics.py:75: RuntimeWarning: invalid value encountered in longlong_scalars        
  precision = tp/(tp+fp)
0.6, 0.18154761904761904, 0.0, 0.0, 1.0, nan, 12
4
10
0.9047619047619048, 0.8500000000000001, 0.5091750772173156, 0.3333333333333333, 1.0, 1.0, 10
9
23
0.7045454545454546, 0.0625, -0.045454545454545456, 0.0, 0.9545454545454546, 0.0, 23
20
95
0.8982222222222223, 0.9116166651705675, 0.6509171243429307, 0.76, 0.8888888888888888, 0.8837209302325582, 95
Baseline random
0.5227272727272727, 0.22583280526334398, 0.01362850019227671, 0.01362850019227671, 0.5064935064935064, 0.5102739726027398, 0.21428571428571427
Baseline majority class
C:\Users\bdode\Documents\msc-thesis\Thesis\dataset\functions\EvaluationMetrics.py:75: RuntimeWarning: invalid value encountered in longlong_scalars        
  precision = tp/(tp+fp)
0.5, 0.6043360433604336, 0.0, 0.0, 0.0, 1.0, nan

Methylation-K
10000
0.5392981119515946, 0.15994208325246445, 0.017398598382960127, 0.020984081041968163, 0.9852634021814807, 0.1858974358974359
0
4124
0.637176288904728, 0.12158580271046764, 0.10577037630632671, 0.09836065573770492, 0.9845077461269365, 0.16216216216216217, 4124
1
52
0.6808510638297872, 0.36432155873282873, 0.42931774420607877, 0.2, 1.0, 1.0, 52
2
5
0.6666666666666667, 0.7083333333333333, 0.6123724356957946, 0.5, 1.0, 1.0, 5
4
8
C:\Users\bdode\Documents\msc-thesis\Thesis\dataset\functions\EvaluationMetrics.py:75: RuntimeWarning: invalid value encountered in longlong_scalars        
  precision = tp/(tp+fp)
0.1428571428571429, 0.07142857142857142, 0.0, 0.0, 1.0, nan, 8
13
10
0, 0, 0, 0, 0, 0, 10
16
7
1.0, 1.0, 1.0, 1.0, 1.0, 1.0, 7
20
5794
0.5103800736650389, 0.2186080927223621, -0.011057843429314772, 0.011191047162270184, 0.9856922738278671, 0.17721518987341772, 5794
Baseline random
0.48112858389820523, 0.12896072232702327, -0.019683667213829796, -0.019683667213829796, 0.48552821997105644, 0.4859596194012532, 0.13154283473828662
Baseline majority class
C:\Users\bdode\Documents\msc-thesis\Thesis\dataset\functions\EvaluationMetrics.py:75: RuntimeWarning: invalid value encountered in longlong_scalars        
  precision = tp/(tp+fp)
0.5, 0.5690999999999999, 0.0, 0.0, 0.0, 1.0, nan

Methylation-R
10000
0.7732570684523808, 0.41559045036413256, 0.38066001965025686, 0.4354166666666667, 0.9656512605042017, 0.38992537313432835
0
7404
0.7653386658851431, 0.3632274316427361, 0.3495467388428404, 0.3898809523809524, 0.9684493491794001, 0.3700564971751412, 7404
1
1
0, 0, 0, 0, 0, 0, 1
2
2416
0.8059291150670795, 0.5524664657692973, 0.45942086260511433, 0.5514705882352942, 0.9583333333333334, 0.4411764705882353, 2416
8
12
C:\Users\bdode\Documents\msc-thesis\Thesis\dataset\functions\EvaluationMetrics.py:75: RuntimeWarning: invalid value encountered in longlong_scalars        
  precision = tp/(tp+fp)
0.0, 0.041666666666666664, 0.0, 0.0, 1.0, nan, 12
9
33
C:\Users\bdode\Documents\msc-thesis\Thesis\dataset\functions\EvaluationMetrics.py:73: RuntimeWarning: invalid value encountered in longlong_scalars        
  sensitivity = tp/(tp+fn)
0, 0, 0, 0, 0, 0, 33
13
112
0.5809748427672956, 0.3791993252756883, 0.3815571220796917, 0.3333333333333333, 0.9811320754716981, 0.5, 112
20
22
1.0, 1.0, 1.0, 1.0, 1.0, 1.0, 22
Baseline random
0.49217633928571436, 0.04657515173226849, -0.007836624532112486, -0.007836624532112486, 0.48125, 0.5004201680672269, 0.046320433126127936
Baseline majority class
C:\Users\bdode\Documents\msc-thesis\Thesis\dataset\functions\EvaluationMetrics.py:75: RuntimeWarning: invalid value encountered in longlong_scalars        
  precision = tp/(tp+fp)
0.5, 0.524, 0.0, 0.0, 0.0, 1.0, nan

N-linked Glycosylation
10000
0.9675908204787399, 0.8353233516247988, 0.8402088268327578, 0.9886148007590133, 0.9241003547896605, 0.7767424524785688
0
8390
0.9723336433556152, 0.8808680687499708, 0.8619589145947533, 0.9879518072289156, 0.9322635395772257, 0.8111827956989247, 8390
1
14
0.9615384615384616, 0.75, 0.5310850045437943, 1.0, 0.8461538461538461, 0.3333333333333333, 14
2
444
0.95, 0.4666322552858398, 0.6240504337746985, 1.0, 0.8762376237623762, 0.4444444444444444, 444
3
102
0.885, 0.07142857142857142, 0.32787192621510003, 1.0, 0.86, 0.125, 102
4
15
1.0, 1.0, 0.44320263021395917, 1.0, 0.7857142857142857, 0.25, 15
7
18
0.923076923076923, 0.6266666666666667, 0.7774288420142416, 1.0, 0.8461538461538461, 0.7142857142857143, 18
8
11
C:\Users\bdode\Documents\msc-thesis\Thesis\dataset\functions\EvaluationMetrics.py:73: RuntimeWarning: invalid value encountered in longlong_scalars        
  sensitivity = tp/(tp+fn)
0, 0, 0, 0, 0, 0, 11
9
334
0.9461163836163836, 0.4265375345958437, 0.5910589220633162, 1.0, 0.8733766233766234, 0.4, 334
13
16
0.9285714285714285, 0.41666666666666663, 0.7867957924694432, 1.0, 0.9285714285714286, 0.6666666666666666, 16
20
656
0.9656934978817462, 0.7774054703180329, 0.81219662489738, 0.9918032786885246, 0.9157303370786517, 0.7289156626506024, 656
Baseline random
0.5006346349340384, 0.21981818511053147, -0.00035541532931819287, -0.00035541532931819287, 0.4952561669829222, 0.5043081601621896, 0.2106537530266344
Baseline majority class
C:\Users\bdode\Documents\msc-thesis\Thesis\dataset\functions\EvaluationMetrics.py:75: RuntimeWarning: invalid value encountered in longlong_scalars        
  precision = tp/(tp+fp)
0.5, 0.6053999999999999, 0.0, 0.0, 0.0, 1.0, nan

O-linked Glycosylation
10000
0.6644846577985404, 0.12782094171471178, 0.12121780873584737, 0.22323462414578588, 0.932224662692187, 0.13136729222520108
0
7715
0.6531764141503671, 0.10965797161518819, 0.11266452661883095, 0.2111801242236025, 0.9342621398620317, 0.12274368231046931, 7715
2
1991
0.7028858839050132, 0.16444947358238018, 0.11796821376033194, 0.22916666666666666, 0.9234828496042217, 0.1317365269461078, 1991
8
7
0, 0, 0, 0, 0, 0, 7
9
181
0.4903409090909092, 0.0326471177725558, 0.07738546370605406, 0.2, 0.9261363636363636, 0.07142857142857142, 181
13
53
0.4698581560283688, 0.12596566295539338, 0.1701758234142103, 0.16666666666666666, 0.9574468085106383, 0.3333333333333333, 53
20
53
0.8651162790697674, 0.7340072663834274, 0.6049109956526652, 0.6, 0.9534883720930233, 0.75, 53
Baseline random
0.4741014357158531, 0.04162926443597059, -0.022285049732695933, -0.022285049732695933, 0.4533029612756264, 0.4923125196109194, 0.03938254502275876
Baseline majority class
C:\Users\bdode\Documents\msc-thesis\Thesis\dataset\functions\EvaluationMetrics.py:75: RuntimeWarning: invalid value encountered in longlong_scalars        
  precision = tp/(tp+fp)
0.5, 0.52195, 0.0, 0.0, 0.0, 1.0, nan

Phosphorylation-Y
10000
0.6496630367188743, 0.27186430657236654, 0.1528030608431497, 0.22398477157360405, 0.9084757834757835, 0.3140569395017794
0
2761
0.6628289378497723, 0.39507794185905964, 0.1556653607710961, 0.1735159817351598, 0.9325095057034221, 0.4453125, 2761
1
197
0.7464012595591543, 0.38042396454108546, 0.30268705804229096, 0.34615384615384615, 0.9298245614035088, 0.42857142857142855, 197
2
774
0.6254883111208215, 0.39005661150035204, 0.1970395070094426, 0.19597989949748743, 0.9373913043478261, 0.52, 774
3
470
0.6823051059504261, 0.16874874881752128, 0.17293956314389664, 0.3103448275862069, 0.909297052154195, 0.1836734693877551, 470
4
850
0.6544482891195694, 0.1788446381028324, 0.09803921568627451, 0.18823529411764706, 0.9098039215686274, 0.18823529411764706, 850
5
113
0.7870370370370371, 0.08885822832027765, -0.055292880062486095, 0.0, 0.9351851851851852, 0.0, 113
6
308
0.7344882246376812, 0.2525974755393271, 0.22589061522849765, 0.375, 0.8840579710144928, 0.2727272727272727, 308
7
12
0.7407407407407407, 0.38789682539682535, 0.408248290463863, 0.6666666666666666, 0.7777777777777778, 0.5, 12
9
464
0.790016501650165, 0.39100124014853205, 0.36698578432386897, 0.48333333333333334, 0.9034653465346535, 0.4264705882352941, 464
10
53
0.7550505050505051, 0.30363611591939765, 0.16721193398441275, 0.3333333333333333, 0.8409090909090909, 0.3, 53
11
69
0.7738095238095238, 0.20051226018763277, 0.16516677804025892, 0.3333333333333333, 0.873015873015873, 0.2, 69
12
20
C:\Users\bdode\Documents\msc-thesis\Thesis\dataset\functions\EvaluationMetrics.py:73: RuntimeWarning: invalid value encountered in longlong_scalars        
  sensitivity = tp/(tp+fn)
0, 0, 0, 0, 0, 0, 20
13
499
0.6860488126649077, 0.39894665070323465, 0.1294700547961497, 0.16666666666666666, 0.9234828496042217, 0.40816326530612246, 499
14
2
C:\Users\bdode\Documents\msc-thesis\Thesis\dataset\functions\EvaluationMetrics.py:73: RuntimeWarning: invalid value encountered in longlong_scalars        
  sensitivity = tp/(tp+fn)
0, 0, 0, 0, 0, 0, 2
18
200
0.8135190217391305, 0.19924870623640778, 0.3654464114735074, 0.625, 0.875, 0.30303030303030304, 200
19
687
0.7037615456695373, 0.24374192812441203, 0.21251031834303438, 0.3013698630136986, 0.9136807817589576, 0.29333333333333333, 687
20
2521
0.6203521661147903, 0.1631013747283195, 0.12318122626118164, 0.2578125, 0.8807947019867549, 0.19642857142857142, 2521
Baseline random
0.4950084451723623, 0.15799629132481927, -0.0074581220810179365, -0.0074581220810179365, 0.4885786802030457, 0.5011870845204178, 0.15486725663716813
Baseline majority class
C:\Users\bdode\Documents\msc-thesis\Thesis\dataset\functions\EvaluationMetrics.py:75: RuntimeWarning: invalid value encountered in longlong_scalars        
  precision = tp/(tp+fp)
0.5, 0.5788, 0.0, 0.0, 0.0, 1.0, nan

Phosphorylation-['S', 'T']
10000
0.746326720611922, 0.34484968404579036, 0.2700229888327172, 0.6177215189873417, 0.7595008508224617, 0.25666199158485276
0
822
0.7385870715192552, 0.6114858816844403, 0.3693197118582141, 0.44244604316546765, 0.8841911764705882, 0.6612903225806451, 822
1
66
0.8083791208791209, 0.6575667742656905, 0.3021610442651373, 0.42857142857142855, 0.8653846153846154, 0.46153846153846156, 66
2
380
0.6464385269953052, 0.4278532789880696, 0.18182262763094928, 0.3854166666666667, 0.795774647887324, 0.3894736842105263, 380
3
335
0.8036819306930693, 0.37667210670103746, 0.30446518830349856, 0.71875, 0.7524752475247525, 0.23469387755102042, 335
4
427
0.6521172298706717, 0.325319969548364, 0.21162073139647908, 0.49019607843137253, 0.7898936170212766, 0.2403846153846154, 427
5
63
0.8120915032679739, 0.43984313238967493, 0.4336528122202857, 0.6666666666666666, 0.8235294117647058, 0.47058823529411764, 63
6
624
0.8161769829288121, 0.43229974559003626, 0.3702782034359521, 0.6835443037974683, 0.8036697247706422, 0.33540372670807456, 624
7
13
C:\Users\bdode\Documents\msc-thesis\Thesis\dataset\functions\EvaluationMetrics.py:73: RuntimeWarning: invalid value encountered in longlong_scalars        
  sensitivity = tp/(tp+fn)
0, 0, 0, 0, 0, 0, 13
9
333
0.8798989898989898, 0.4744757475043059, 0.3820653971831136, 0.7272727272727273, 0.8166666666666667, 0.3037974683544304, 333
10
44
0.882051282051282, 0.32815018315018313, 0.3230769230769231, 0.4, 0.9230769230769231, 0.4, 44
11
136
0.888888888888889, 0.505934275109898, 0.4056740422696879, 0.9, 0.7857142857142857, 0.25, 136
12
767
0.9276290353759906, 0.2717301473144225, 0.23005706181613936, 1.0, 0.6048714479025711, 0.0875, 767
13
265
0.7081678054981726, 0.4493173381676491, 0.27774915548228524, 0.5, 0.7931034482758621, 0.4246575342465753, 265
14
7
C:\Users\bdode\Documents\msc-thesis\Thesis\dataset\functions\EvaluationMetrics.py:73: RuntimeWarning: invalid value encountered in longlong_scalars        
  sensitivity = tp/(tp+fn)
0, 0, 0, 0, 0, 0, 7
18
322
0.8447138047138046, 0.2817460948760353, 0.3263087407096085, 0.84, 0.7272727272727273, 0.20588235294117646, 322
19
889
0.8419635350987811, 0.5242208268949851, 0.40038613060918515, 0.8020833333333334, 0.7793190416141236, 0.3055555555555556, 889
20
4507
0.8111245500818274, 0.3435423918026641, 0.28454946059927266, 0.7252747252747253, 0.7484914313299541, 0.20214395099540583, 4507
Baseline random
0.5022024694194542, 0.11814429651529194, 0.007744184212038933, 0.007744184212038933, 0.5088607594936709, 0.5031196823596142, 0.12101143889223359
Baseline majority class
C:\Users\bdode\Documents\msc-thesis\Thesis\dataset\functions\EvaluationMetrics.py:75: RuntimeWarning: invalid value encountered in longlong_scalars        
  precision = tp/(tp+fp)
0.5, 0.55925, 0.0, 0.0, 0.0, 1.0, nan

Pyrrolidone carboxylic acid
421
0.9225592046470061, 0.8710972187089046, 0.792355727717986, 0.8333333333333334, 0.9731903485254692, 0.8
0
172
0.9113495200451721, 0.9061434635775109, 0.7912066263371264, 0.9090909090909091, 0.9751552795031055, 0.7142857142857143, 172
2
90
1.0, 1.0, 0.7031230493106524, 1.0, 0.9887640449438202, 0.5, 90
13
5
1.0, 1.0, 1.0, 1.0, 1.0, 1.0, 5
20
154
0.9129651860744297, 0.8784836704408456, 0.774136284850595, 0.8, 0.957983193277311, 0.8484848484848485, 154
Baseline random
0.4445375335120643, 0.12458845230337653, -0.06576182973306781, -0.06576182973306781, 0.4166666666666667, 0.47989276139410186, 0.09345794392523364
Baseline majority class
C:\Users\bdode\Documents\msc-thesis\Thesis\dataset\functions\EvaluationMetrics.py:75: RuntimeWarning: invalid value encountered in longlong_scalars        
  precision = tp/(tp+fp)
0.5, 0.5570071258907363, 0.0, 0.0, 0.0, 1.0, nan

S-palmitoylation-C
4476
0.5972735606468229, 0.24562935050841492, 0.11907792325039929, 0.11244377811094453, 0.9606195851929641, 0.3333333333333333
0
1096
0.6736924042902729, 0.33397345574141746, 0.2894310516001324, 0.2689075630252101, 0.9600818833162743, 0.4507042253521127, 1096
1
5
1.0, 1.0, 1.0, 1.0, 1.0, 1.0, 5
2
3274
0.569843782366473, 0.2137708608296061, 0.045184266669309685, 0.06529850746268656, 0.9598246895544192, 0.2413793103448276, 3274
9
10
1.0, 1.0, 1.0, 1.0, 1.0, 1.0, 10
13
21
C:\Users\bdode\Documents\msc-thesis\Thesis\dataset\functions\EvaluationMetrics.py:75: RuntimeWarning: invalid value encountered in longlong_scalars        
  precision = tp/(tp+fp)
0.025000000000000022, 0.023809523809523808, 0.0, 0.0, 1.0, nan, 21
20
70
0.9289617486338798, 0.6529401754203956, 0.7255423196197438, 0.6666666666666666, 0.9836065573770492, 0.8571428571428571, 70
Baseline random
0.502024519375912, 0.14570051682627033, 0.0014346565446715063, 0.0014346565446715063, 0.48875562218890556, 0.5132580729850355, 0.14954128440366973
Baseline majority class
C:\Users\bdode\Documents\msc-thesis\Thesis\dataset\functions\EvaluationMetrics.py:75: RuntimeWarning: invalid value encountered in longlong_scalars        
  precision = tp/(tp+fp)
0.5, 0.574508489722967, 0.0, 0.0, 0.0, 1.0, nan

Sumoylation
6276
0.6873675344176128, 0.31284428290346544, 0.3379166500585995, 0.32656514382402707, 0.9609498680738786, 0.4650602409638554
0
4872
0.6921083301620095, 0.34446487656560887, 0.34724723165763544, 0.3290441176470588, 0.958641404805915, 0.5, 4872
1
20
C:\Users\bdode\Documents\msc-thesis\Thesis\dataset\functions\EvaluationMetrics.py:73: RuntimeWarning: invalid value encountered in longlong_scalars        
  sensitivity = tp/(tp+fn)
0, 0, 0, 0, 0, 0, 20
2
1348
0.6090264221974343, 0.14998168786967164, 0.20968985276509575, 0.25, 0.9708588957055214, 0.22448979591836735, 1348
9
36
0.9595959595959596, 0.6555555555555556, 0.7507571935295484, 1.0, 0.9393939393939394, 0.6, 36
Baseline random
0.500700778460847, 0.09306103796849759, 0.002171361462147324, 0.002171361462147324, 0.5194585448392555, 0.48425681618293753, 0.09478234022846557
Baseline majority class
C:\Users\bdode\Documents\msc-thesis\Thesis\dataset\functions\EvaluationMetrics.py:75: RuntimeWarning: invalid value encountered in longlong_scalars        
  precision = tp/(tp+fp)
0.5, 0.5470841300191205, 0.0, 0.0, 0.0, 1.0, nan

Ubiquitination
10000
0.5440739438977037, 0.2621872792011199, 0.015715239379857755, 0.14914529914529914, 0.8637075718015665, 0.2505384063173008
0
6693
0.5417457546978346, 0.30801911789380065, 0.007936208392202847, 0.14345769837099318, 0.8626304801670146, 0.2932330827067669, 6693
1
446
0.5799466338259441, 0.2517352883349535, 0.03617928227777069, 0.09183673469387756, 0.9310344827586207, 0.2727272727272727, 446
2
1963
0.5593828833691146, 0.20582934225493094, 0.050507508717049864, 0.19269102990033224, 0.8574007220216606, 0.19661016949152543, 1963
3
792
0.6715254237288135, 0.05798921286538845, 0.0399367241261096, 0.24, 0.8435462842242504, 0.047619047619047616, 792
4
55
0.8480392156862745, 0.39924136321195147, 0.19117647058823528, 0.25, 0.9411764705882353, 0.25, 55
9
1
0, 0, 0, 0, 0, 0, 1
20
50
0.6802168021680217, 0.4080828429209274, 0.24561669283120213, 0.2222222222222222, 0.9512195121951219, 0.5, 50
Baseline random
0.5038499475575193, 0.2354437265917691, 0.005246456240202061, 0.005246456240202061, 0.5038461538461538, 0.5023498694516971, 0.2362252053696654
Baseline majority class
C:\Users\bdode\Documents\msc-thesis\Thesis\dataset\functions\EvaluationMetrics.py:75: RuntimeWarning: invalid value encountered in longlong_scalars        
  precision = tp/(tp+fp)
0.5, 0.617, 0.0, 0.0, 0.0, 1.0, nan
