C:\Users\bdode\Documents\msc-thesis\Thesis\dataset>python evalMusite.py
MusiteST
100000
0.8888699818823149, 0.3243000059608779, 0.2848113888872041, 0.8454001088731627, 0.7925689844901688, 0.1345345865638671
0
1693
0.9068515704154002, 0.13675781598742495, 0.2605281331978909, 1.0, 0.7197568389057751, 0.09430255402750491, 1693
1
8760
0.8930667227702735, 0.3323447663657672, 0.2739840159551638, 0.8240469208211144, 0.78215940135408, 0.13286052009456265, 8760
2
20617
0.9096418529186143, 0.35751460381065303, 0.2902822565910662, 0.8857142857142857, 0.7833718941756362, 0.13130294473578055, 20617
3
6234
0.9013287614636911, 0.32688130624914385, 0.27037464633359765, 0.8756218905472637, 0.7795458312613956, 0.11686586985391766, 6234
4
22824
0.8213494443832698, 0.23860980146462304, 0.20684326569497913, 0.7282127031019202, 0.7850273174696347, 0.09383326988960791, 22824
6
881
0.8857417967186874, 0.38468521754004714, 0.3034036704572293, 0.7708333333333334, 0.7959183673469388, 0.178743961352657, 881
7
153
0.8360927152317881, 0.09843537414965986, 0.05400951755846903, 0.5, 0.7152317880794702, 0.022727272727272728, 153
0.7969393004115226, 0.22443172901329994, 0.14636659520009052, 0.625, 0.7914951989026063, 0.06172839506172839, 745   
10
61
0.7701149425287357, 0.09175824175824177, -0.07511746287542016, 0.0, 0.896551724137931, 0.0, 61
11
614
0.7940456316082359, 0.08625451618225428, 0.16567135530464705, 0.5333333333333333, 0.8547579298831386, 0.08421052631578947, 614
13                                                                                                                  78947, 614
14741
0.9243250495204963, 0.38722943188192477, 0.34306493853917047, 0.9214175654853621, 0.7920806131138235, 0.16950113378684808, 14741                                                                                                        84808, 14741
16
33
1.0, 1.0, 0.6959705453537528, 1.0, 0.96875, 0.5, 33
18
17
C:\Users\bdode\Documents\msc-thesis\Thesis\dataset\functions\EvaluationMetrics.py:73: RuntimeWarning: invalid value encountered in longlong_scalars        
encountered in longlong_scalars
  sensitivity = tp/(tp+fn)
0, 0, 0, 0, 0, 0, 17
19
210
0.946829268292683, 0.24797130612502138, 0.3644054444067475, 0.8, 0.9170731707317074, 0.19047619047619047, 210
20
22417
0.9002408482455999, 0.37399369266806154, 0.33165183239710955, 0.8553054662379421, 0.8194470303481661, 0.17062219371391918, 22417
Baseline random
0.4976470332198777, 0.03605607596432281, -0.0019119399053590463, -0.0019119399053590463, 0.49564507348938486, 0.4992733010817432, 0.036380708834458785
Baseline majority class
C:\Users\bdode\Documents\msc-thesis\Thesis\dataset\functions\EvaluationMetrics.py:75: RuntimeWarning: invalid value 
encountered in longlong_scalars
  precision = tp/(tp+fp)
0.5, 0.51837, 0.0, 0.0, 0.0, 1.0, nan

MusiteY
6039
0.9545488088089537, 0.8201493987856812, 0.6243901794764471, 0.8797595190380761, 0.9203971119133574, 0.49886363636363634
0
80
0.9540757749712975, 0.8706539411098964, 0.7638915579057713, 0.7692307692307693, 0.9701492537313433, 0.8333333333333334, 80
2
932
0.9752780920060331, 0.6412126306272968, 0.6102589843863434, 0.875, 0.9445701357466063, 0.46153846153846156, 932
3
194
0.9696461824953444, 0.7859553442561579, 0.5822497798396004, 0.8666666666666667, 0.9106145251396648, 0.4482758620689655, 194
4
2314
0.9573901283114936, 0.8766892176596889, 0.5960141662673184, 0.9138755980861244, 0.8897862232779098, 0.4515366430260047, 2314
6
55
1.0, 1.0, 0.5095246653650681, 1.0, 0.8653846153846154, 0.3, 55
9
156
0.9645254074784276, 0.7008673469387754, 0.40631213978282843, 0.7142857142857143, 0.912751677852349, 0.2777777777777778, 156
11
34
1.0, 1.0, 0.5400617248673216, 1.0, 0.875, 0.3333333333333333, 34
13
938
0.9867052916183855, 0.8421341223364316, 0.7104966504031156, 0.96, 0.936268829663963, 0.5669291338582677, 938
20
1336
0.9283686003269442, 0.8076139168313736, 0.6642252067684412, 0.7952755905511811, 0.9478908188585607, 0.6158536585365854, 1336
Baseline random
0.5022304536871577, 0.0831543352683768, 0.007225249394695523, 0.007225249394695523, 0.5230460921843687, 0.490072202166065, 0.08457550226830848
Baseline majority class
C:\Users\bdode\Documents\msc-thesis\Thesis\dataset\functions\EvaluationMetrics.py:75: RuntimeWarning: invalid value 
encountered in longlong_scalars
  precision = tp/(tp+fp)
0.5, 0.5413147872164266, 0.0, 0.0, 0.0, 1.0, nan


C:\Users\bdode\Documents\msc-thesis\Thesis\dataset>